0.000000e+00   0.000000e+00   0.000000e+00
4.501940e-03   -8.833657e-03   1.335167e-02
9.006335e-03   -1.760312e-02   2.660826e-02
1.351920e-02   -2.630515e-02   3.962074e-02
1.801295e-02   -3.488501e-02   5.231792e-02
2.247804e-02   -4.335140e-02   6.455356e-02
2.692700e-02   -5.164575e-02   7.617763e-02
3.133917e-02   -5.972596e-02   8.715866e-02
3.573117e-02   -6.756888e-02   9.733661e-02
4.011165e-02   -7.512729e-02   1.066348e-01
4.441513e-02   -8.239647e-02   1.149398e-01
4.867810e-02   -8.934704e-02   1.222032e-01
5.291419e-02   -9.594840e-02   1.284162e-01
5.709595e-02   -1.021576e-01   1.334807e-01
6.121860e-02   -1.079465e-01   1.373591e-01
6.527597e-02   -1.133154e-01   1.400226e-01
6.924445e-02   -1.182601e-01   1.414535e-01
7.315112e-02   -1.227503e-01   1.416212e-01
7.698619e-02   -1.267803e-01   1.405443e-01
8.074711e-02   -1.303252e-01   1.382005e-01
8.444495e-02   -1.333655e-01   1.346338e-01
8.804954e-02   -1.358910e-01   1.298946e-01
9.155322e-02   -1.378907e-01   1.239972e-01
9.492759e-02   -1.393406e-01   1.170084e-01
9.818855e-02   -1.402193e-01   1.089847e-01
1.013480e-01   -1.405328e-01   1.000133e-01
1.044059e-01   -1.402623e-01   9.013587e-02
1.073717e-01   -1.394315e-01   7.945753e-02
1.102709e-01   -1.380299e-01   6.809680e-02
1.130568e-01   -1.360725e-01   5.612554e-02
1.157098e-01   -1.335806e-01   4.364854e-02
1.182213e-01   -1.305699e-01   3.076543e-02
1.206194e-01   -1.270614e-01   1.764377e-02
1.228721e-01   -1.230489e-01   4.348410e-03
1.250219e-01   -1.185606e-01   -8.989660e-03
1.270570e-01   -1.135790e-01   -2.231305e-02
1.289766e-01   -1.081607e-01   -3.543989e-02
1.307633e-01   -1.022907e-01   -4.825652e-02
1.324164e-01   -9.601370e-02   -6.066319e-02
1.339104e-01   -8.932807e-02   -7.249963e-02
1.352737e-01   -8.224638e-02   -8.368503e-02
1.365089e-01   -7.484403e-02   -9.406948e-02
1.376277e-01   -6.713417e-02   -1.036048e-01
1.386170e-01   -5.917254e-02   -1.122048e-01
1.394563e-01   -5.098291e-02   -1.197980e-01
1.401633e-01   -4.256600e-02   -1.263369e-01
1.407165e-01   -3.398825e-02   -1.317707e-01
1.411313e-01   -2.526368e-02   -1.360064e-01
1.414097e-01   -1.643755e-02   -1.390543e-01
1.415548e-01   -7.562898e-03   -1.408579e-01
1.415352e-01   1.389311e-03   -1.414201e-01
1.413745e-01   1.034239e-02   -1.407141e-01
1.410608e-01   1.928167e-02   -1.387334e-01
1.406062e-01   2.813055e-02   -1.355328e-01
1.400260e-01   3.684246e-02   -1.311042e-01
1.393134e-01   4.540469e-02   -1.255454e-01
1.384375e-01   5.377081e-02   -1.188877e-01
1.374631e-01   6.193380e-02   -1.111778e-01
1.363467e-01   6.983496e-02   -1.024861e-01
1.350833e-01   7.744787e-02   -9.292718e-02
1.336872e-01   8.474590e-02   -8.254590e-02
1.321733e-01   9.170617e-02   -7.145153e-02
1.305452e-01   9.833575e-02   -5.970649e-02
1.287680e-01   1.045882e-01   -4.745260e-02
1.268505e-01   1.104429e-01   -3.476484e-02
1.248283e-01   1.158604e-01   -2.177955e-02
1.226893e-01   1.208169e-01   -8.622607e-03
1.204476e-01   1.253232e-01   4.641812e-03
1.181311e-01   1.293326e-01   1.789051e-02
1.156734e-01   1.328435e-01   3.100628e-02
1.131054e-01   1.358335e-01   4.383490e-02
1.104068e-01   1.382748e-01   5.631112e-02
1.075868e-01   1.401736e-01   6.829464e-02
1.046771e-01   1.415151e-01   7.966414e-02
1.016941e-01   1.422925e-01   9.029569e-02
9.860594e-02   1.425053e-01   1.001081e-01
9.543556e-02   1.421383e-01   1.090218e-01
9.218600e-02   1.412136e-01   1.169721e-01
8.883839e-02   1.397347e-01   1.238947e-01
8.538525e-02   1.376969e-01   1.297216e-01
8.183352e-02   1.351214e-01   1.344067e-01
7.820036e-02   1.320152e-01   1.378741e-01
7.451412e-02   1.283962e-01   1.401434e-01
7.076427e-02   1.242816e-01   1.411572e-01
6.695710e-02   1.196874e-01   1.409192e-01
6.308877e-02   1.146149e-01   1.393834e-01
5.912067e-02   1.091022e-01   1.365907e-01
5.512456e-02   1.031497e-01   1.326105e-01
5.105572e-02   9.682817e-02   1.274540e-01
4.693732e-02   9.013296e-02   1.211897e-01
4.278369e-02   8.309339e-02   1.138443e-01
3.862028e-02   7.573306e-02   1.055270e-01
3.439818e-02   6.806402e-02   9.629220e-02
3.018070e-02   6.016026e-02   8.621139e-02
2.593523e-02   5.202154e-02   7.538242e-02
2.166165e-02   4.369035e-02   6.383593e-02
1.735259e-02   3.517295e-02   5.177632e-02
1.302719e-02   2.649991e-02   3.926095e-02
8.688910e-03   1.771970e-02   2.637405e-02
4.345996e-03   8.865997e-03   1.323705e-02
0.000000e+00   0.000000e+00   0.000000e+00
